6969
0 add 538 7
0 add 2853 19
0 add 6149 86
0 add 411 29
0 add 3267 29
0 add 5080 4
0 add 235 98
0 add 6835 17
0 add 2501 37
0 add 5270 11
0 add 6823 54
0 add 5928 94
0 add 6349 43
0 add 1934 86
0 add 1666 77
0 add 919 13
0 add 4532 84
0 add 5627 1
0 add 1416 11
0 add 4 70
0 add 927 67
0 add 4523 19
0 add 5949 64
0 add 350 64
0 add 2345 95
0 add 4113 28
0 add 6128 20
0 add 2044 33
0 add 1304 25
0 add 5317 58
0 add 6833 77
0 add 2795 46
0 add 1394 21
0 add 4618 84
0 add 4660 31
0 add 1908 93
0 add 4466 46
0 add 2477 57
0 add 157 74
0 add 279 13
0 add 6968 13
0 add 3837 96
0 add 4739 99
0 add 284 12
0 add 5308 35
0 add 418 5
0 add 6284 35
0 add 1387 72
0 add 2643 88
0 add 5943 12
0 add 2257 79
0 add 6791 14
0 add 2850 68
0 add 5556 43
0 add 1903 71
0 add 2290 7
0 add 2234 77
0 add 5299 34
0 add 4052 28
0 add 1083 39
0 add 6474 74
0 add 6646 67
0 add 3196 26
0 add 4844 64
0 add 5391 47
0 add 2575 18
0 add 4903 98
0 add 1082 33
0 add 4848 69
0 add 6575 47
0 add 6590 62
0 add 384 1
0 add 314 56
0 add 4787 13
0 add 712 17
0 add 460 69
0 add 6819 55
0 add 5557 54
0 add 2722 73
0 add 5868 62
0 add 4077 90
0 add 5126 95
0 add 6223 55
0 add 523 82
0 add 4883 39
0 add 1887 70
0 add 1106 20
0 add 4610 68
0 add 4375 57
0 add 3166 39
0 add 1969 54
0 add 5813 47
0 add 4213 68
0 add 2184 54
0 add 2710 83
0 add 2663 26
0 add 2164 85
0 add 1749 87
0 add 4408 36
0 add 3478 74
0 add 6200 94
0 add 5648 10
0 add 5812 21
0 add 1729 22
0 add 4549 39
0 add 6343 86
0 add 4733 69
0 add 5600 6
0 add 6202 100
0 add 4337 5
0 add 4743 43
0 add 421 26
0 add 4097 82
0 add 5323 70
0 add 6034 11
0 add 5152 36
0 add 6157 53
0 add 403 22
0 add 6008 55
0 add 1748 81
0 add 181 28
0 add 1883 69
0 add 4650 11
0 add 4715 84
0 add 873 81
0 add 2715 34
0 add 335 22
0 add 6852 14
0 add 1249 57
0 add 5842 49
0 add 914 83
0 add 5997 21
0 add 1391 78
0 add 2732 78
0 add 6602 75
0 add 6446 27
0 add 6660 62
0 add 5130 57
0 add 6765 92
0 add 4496 20
0 add 175 37
0 add 6120 74
0 add 6077 96
0 add 499 100
0 add 4087 82
0 add 3929 54
0 add 3662 97
0 add 1614 71
0 add 450 85
0 add 4998 97
0 add 2470 51
0 add 2043 95
0 add 6127 69
0 add 5075 88
0 add 642 43
0 add 1386 45
0 add 4851 96
0 add 2358 85
0 add 6311 64
0 add 1237 78
0 add 2495 37
0 add 1403 34
0 add 5121 27
0 add 6123 15
0 add 3708 94
0 add 5542 35
0 add 4839 44
0 add 1372 51
0 add 6829 25
0 add 1094 51
0 add 2107 10
0 add 1064 3
0 add 4805 56
0 add 1649 56
0 add 5888 21
0 add 4637 92
0 add 4543 61
0 add 4812 58
0 add 2404 76
0 add 755 81
0 add 1433 11
0 add 1313 91
0 add 4604 75
0 add 3281 72
0 add 5672 77
0 add 2144 35
0 add 747 54
0 add 6161 40
0 add 5470 35
0 add 3581 10
0 add 5435 85
0 add 1832 23
0 add 2156 60
0 add 1842 58
0 add 3489 43
0 add 5107 76
0 add 5938 86
0 add 5939 84
0 add 365 4
0 add 5923 78
0 add 2014 95
0 add 1341 62
0 add 3857 61
0 add 1012 85
0 add 4871 86
0 add 3580 6
0 add 6248 100
0 add 341 99
0 add 2071 96
0 add 6755 68
0 add 2223 50
0 add 4753 59
0 add 3421 55
0 add 3771 42
0 add 6894 77
0 add 3534 80
0 add 5276 87
0 add 3816 56
0 add 2119 51
0 add 2662 5
0 add 3972 31
0 add 6168 36
0 add 4123 69
0 add 6420 7
0 add 6444 90
0 add 3441 24
0 add 2888 43
0 add 3035 79
0 add 1587 60
0 add 7 55
0 add 896 89
0 add 4567 49
0 add 4646 60
0 add 6907 21
0 add 5005 45
0 add 4314 100
0 add 2527 19
0 add 6938 49
0 add 2220 40
0 add 111 10
0 add 1510 29
0 add 973 6
0 add 5314 8
0 add 962 51
0 add 6247 50
0 add 5452 65
0 add 724 86
0 add 5573 41
0 add 5209 46
0 add 142 27
0 add 6549 48
0 add 2550 13
0 add 5869 46
0 add 2235 92
0 add 5683 44
0 add 1073 2
0 add 3123 83
0 add 2619 47
0 add 6904 12
0 add 4169 71
0 add 5894 20
0 add 1163 46
0 add 5494 50
0 add 4740 18
0 add 4199 74
0 add 662 54
0 add 1986 15
0 add 3388 82
0 add 5113 67
0 add 2657 76
0 add 6436 22
0 add 1204 76
0 add 5828 39
0 add 5887 44
0 add 2954 59
0 add 5843 2
0 add 2016 4
0 add 2206 74
0 add 6152 34
0 add 6371 16
0 add 4125 5
0 add 1312 44
0 add 485 71
0 add 231 96
0 add 5965 21
0 add 5687 8
0 add 3418 20
0 add 2057 70
0 add 1316 94
0 add 2191 16
0 add 4443 15
0 add 1847 72
0 add 274 44
0 add 2535 17
0 add 6423 43
0 add 1610 32
0 add 5437 86
0 add 515 15
0 add 2467 64
0 add 4636 34
0 add 6090 21
0 add 4854 43
0 add 4056 21
0 add 4605 26
0 add 4096 91
0 add 621 45
0 add 5224 43
0 add 5922 18
0 add 4157 36
0 add 6007 98
0 add 4112 32
0 add 2688 3
0 add 5507 50
0 add 3744 97
0 add 6093 95
0 add 373 43
0 add 3938 49
0 add 1966 35
0 add 1527 50
0 add 6559 37
0 add 5586 61
0 add 3969 85
0 add 4794 30
0 add 2251 31
0 add 3030 63
0 add 3840 63
0 add 6036 63
0 add 5254 8
0 add 6686 98
0 add 2992 71
0 add 331 73
0 add 6264 58
0 add 5408 41
0 add 3488 87
0 add 591 70
0 add 5094 82
0 add 5552 18
0 add 1309 78
0 add 3319 88
0 add 2135 95
0 add 2106 94
0 add 6802 43
0 add 4905 65
0 add 6111 18
0 add 6129 86
0 add 3338 38
0 add 6364 7
0 add 2892 91
0 add 6383 36
0 add 5119 97
0 add 553 74
0 add 749 86
0 add 1879 100
0 add 131 48
0 add 3586 86
0 add 5181 8
0 add 6460 67
0 add 1053 82
0 add 4102 24
0 add 3612 79
0 add 4774 81
0 add 6903 70
0 add 1553 68
0 add 1380 36
0 add 6726 41
0 add 5907 23
0 add 329 92
0 add 5954 38
0 add 5354 65
0 add 5430 58
0 add 5114 10
0 add 2645 99
0 add 1031 88
0 add 835 87
0 add 846 5
0 add 4447 92
0 add 4348 46
0 add 2323 88
0 add 452 39
0 add 1661 49
0 add 5304 30
0 add 1948 93
0 add 6229 81
0 add 6379 5
0 add 4947 93
0 add 813 53
0 add 6263 5
0 add 4584 53
0 add 2099 4
0 add 4224 85
0 add 4785 73
0 add 5151 43
0 add 6299 48
0 add 2277 87
0 add 3833 40
0 add 4458 80
0 add 1819 84
0 add 2263 86
0 add 249 31
0 add 5184 18
0 add 2041 18
0 add 5446 36
0 add 3425 2
0 add 6892 13
0 add 6908 34
0 add 4373 19
0 add 5233 46
0 add 4110 20
0 add 4727 60
0 add 1419 38
0 add 6132 65
0 add 3180 82
0 add 2658 19
0 add 1171 47
0 add 6622 26
0 add 2605 41
0 add 2937 28
0 add 2701 57
0 add 5353 93
0 add 2659 99
0 add 2995 59
0 add 1228 23
0 add 206 95
0 add 631 46
0 add 3349 33
0 add 3402 11
0 add 2437 76
0 add 6193 65
0 add 106 42
0 add 6608 33
0 add 296 89
0 add 1014 31
0 add 4160 74
0 add 149 99
0 add 46 48
0 add 2765 22
0 add 1272 31
0 add 2327 70
0 add 5191 74
0 add 2846 42
0 add 2479 85
0 add 1127 50
0 add 2017 65
0 add 2683 69
0 add 2150 88
0 add 5198 70
0 add 5574 84
0 add 1625 65
0 add 5351 9
0 add 3270 17
0 add 3487 93
0 add 2338 27
0 add 1434 31
0 add 1566 7
0 add 5837 68
0 add 1267 74
0 add 3077 34
0 add 3268 82
0 add 4173 85
0 add 5419 17
0 add 4092 49
0 add 838 50
0 add 6301 3
0 add 263 74
0 add 2909 90
0 add 4930 37
0 add 2678 34
0 add 6688 89
0 add 36 67
0 add 6817 9
0 add 171 49
0 add 5485 82
0 add 6231 10
0 add 2562 88
0 add 1702 30
0 add 2953 67
0 add 1379 68
0 add 4914 53
0 add 3085 53
0 add 1665 38
0 add 1349 53
0 add 5835 91
0 add 1342 20
0 add 2484 55
0 add 5448 43
0 add 5892 71
0 add 6055 25
0 add 252 16
0 add 2375 74
0 add 4911 93
0 add 4158 55
0 add 4017 41
0 add 6246 7
0 add 5615 99
0 add 6332 49
0 add 5051 2
0 add 189 69
0 add 6599 96
0 add 3819 19
0 add 5560 4
0 add 1992 15
0 add 756 57
0 add 440 42
0 add 6877 97
0 add 1238 84
0 add 4728 97
0 add 3768 43
0 add 15 86
0 add 4656 20
0 add 6657 80
0 add 885 22
0 add 2326 48
0 add 5202 4
0 add 3066 81
0 add 1618 40
0 add 4231 88
0 add 4992 11
0 add 2684 90
0 add 5992 31
0 add 2446 75
0 add 2353 60
0 add 4036 47
0 add 4393 87
0 add 2381 83
0 add 1206 88
0 add 1697 22
0 add 2733 58
0 add 3797 79
0 add 4452 86
0 add 5815 11
0 add 3060 71
0 add 5424 44
0 add 2913 18
0 add 2165 95
0 add 5788 33
0 add 2521 97
0 add 1767 25
0 add 125 27
0 add 3663 34
0 add 459 28
0 add 3755 29
0 add 2726 68
0 add 5838 6
0 add 4527 10
0 add 3979 69
0 add 5568 59
0 add 4931 42
0 add 5320 22
0 add 1216 93
0 add 1395 90
0 add 4641 58
0 add 6047 13
0 add 6067 54
0 add 2544 95
0 add 2227 2
0 add 5392 95
0 add 5603 41
0 add 6338 95
0 add 1409 25
0 add 3725 97
0 add 5069 33
0 add 6723 68
0 add 3801 28
0 add 3996 92
0 add 6197 97
0 add 5778 77
0 add 6481 75
0 add 4515 39
0 add 1422 73
0 add 4661 40
0 add 3134 20
0 add 5219 35
0 add 2287 63
0 add 4132 10
0 add 1646 21
0 add 2739 16
0 add 2458 83
0 add 4514 21
0 add 4054 73
0 add 5640 17
0 add 3506 52
0 add 620 8
0 add 6370 13
0 add 3881 47
0 add 3439 57
0 add 1688 25
0 add 6228 28
0 add 6296 64
0 add 6449 85
0 add 5239 4
0 add 4047 83
0 add 4323 64
0 add 5187 30
0 add 4607 56
0 add 6435 18
0 add 2915 14
0 add 3643 49
0 add 569 35
0 add 5711 35
0 add 278 42
0 add 1860 45
0 add 5644 96
0 add 4019 40
0 add 6882 8
0 add 3295 7
0 add 6410 23
0 add 28 73
0 add 1639 44
0 add 675 46
0 add 4317 63
0 add 4980 33
0 add 1709 3
0 add 319 83
0 add 922 47
0 add 6858 9
0 add 4745 44
0 add 3648 35
0 add 839 65
0 add 5336 32
0 add 4720 54
0 add 6733 97
0 add 6768 31
0 add 501 6
0 add 1724 98
0 add 5796 3
0 add 1037 8
0 add 5941 94
0 add 5553 86
0 add 490 67
0 add 1125 23
0 add 361 32
0 add 4513 11
0 add 2036 10
0 add 1483 56
0 add 2393 70
0 add 5760 83
0 add 6259 91
0 add 4225 5
0 add 2729 40
0 add 5178 22
0 add 1546 9
0 add 4574 27
0 add 5338 67
0 add 4050 96
0 add 1286 82
0 add 4429 71
0 add 754 50
0 add 4744 70
0 add 6250 98
0 add 1188 80
0 add 5363 1
0 add 655 19
0 add 5150 38
0 add 3635 75
0 add 2797 89
0 add 176 60
0 add 3521 63
0 add 4676 95
0 add 3891 16
0 add 3038 45
0 add 986 91
0 add 2203 85
0 add 1889 67
0 add 925 28
0 add 4410 37
0 add 103 33
0 add 3222 23
0 add 1533 23
0 add 5674 98
0 add 4379 52
0 add 5806 83
0 add 5439 10
0 add 6286 63
0 add 5027 26
0 add 5727 37
0 add 4459 80
0 add 3026 16
0 add 5782 55
0 add 6125 77
0 add 966 25
0 add 794 38
0 add 1410 34
0 add 3878 30
0 add 1167 93
0 add 6433 5
0 add 5795 25
0 add 2539 57
0 add 5529 60
0 add 6603 100
0 add 5516 84
0 add 5013 43
0 add 6267 14
0 add 3828 41
0 add 445 28
0 add 3910 79
0 add 707 46
0 add 134 91
0 add 4989 38
0 add 2630 71
0 add 130 95
0 add 2417 29
0 add 123 55
0 add 4651 41
0 add 3016 96
0 add 2824 68
0 add 3965 27
0 add 5014 5
0 add 2889 100
0 add 6362 4
0 add 6546 75
0 add 345 100
0 add 4731 13
0 add 2815 95
0 add 4195 91
0 add 4070 60
0 add 4221 20
0 add 1824 79
0 add 1965 39
0 add 5794 97
0 add 457 98
0 add 3047 43
0 add 4306 62
0 add 3977 17
0 add 94 4
0 add 3310 37
0 add 1323 71
0 add 4185 21
0 add 3913 40
0 add 2847 32
0 add 5133 58
0 add 4982 22
0 add 17 15
0 add 4628 27
0 add 5034 98
0 add 3920 51
0 add 5830 40
0 add 6560 22
0 add 3705 73
0 add 1929 72
0 add 1376 30
0 add 2863 12
0 add 6800 100
0 add 2 32
0 add 1428 19
0 add 5968 81
0 add 2316 87
0 add 1894 27
0 add 691 69
0 add 1620 93
0 add 4577 93
0 add 3721 2
0 add 717 79
0 add 1199 73
0 add 6154 96
0 add 520 82
0 add 2981 6
0 add 3219 13
0 add 3739 1
0 add 447 63
0 add 1244 31
0 add 3363 86
0 add 4519 92
0 add 3588 33
0 add 3622 56
0 add 6207 96
0 add 2852 58
0 add 3674 34
0 add 4814 49
0 add 4252 28
0 add 3864 39
0 add 4663 51
0 add 3944 32
0 add 1747 51
0 add 2421 34
0 add 6374 100
0 add 2454 55
0 add 4563 17
0 add 512 80
0 add 4218 60
0 add 427 90
0 add 4219 83
0 add 6848 96
0 add 3518 97
0 add 3149 6
0 add 4582 34
0 add 3292 32
0 add 4444 11
0 add 6730 84
0 add 5576 61
0 add 4332 6
0 add 6281 13
0 add 710 92
0 add 6346 6
0 add 1733 38
0 add 281 45
0 add 3108 45
0 add 4679 35
0 add 744 57
0 add 5827 8
0 add 6568 44
0 add 5401 65
0 add 785 22
0 add 3872 45
0 add 959 79
0 add 2947 37
0 add 3939 77
0 add 4769 44
0 add 1759 81
0 add 2011 23
0 add 3271 14
0 add 882 88
0 add 4689 67
0 add 1678 21
0 add 5159 73
0 add 4944 51
0 add 2604 48
0 add 1923 92
0 add 2397 76
0 add 4029 39
0 add 5654 82
0 add 3997 49
0 add 2677 38
0 add 5144 65
0 add 2624 36
0 add 6367 82
0 add 4608 6
0 add 2114 73
0 add 332 24
0 add 4698 37
0 add 4014 78
0 add 431 45
0 add 197 85
0 add 1477 11
0 add 5773 100
0 add 3853 76
0 add 1366 66
0 add 3523 97
0 add 1229 2
0 add 3814 78
0 add 3186 28
0 add 5122 24
0 add 1725 19
0 add 294 39
0 add 561 83
0 add 5245 21
0 add 6376 56
0 add 2007 93
0 add 65 79
0 add 5834 74
0 add 6624 43
0 add 2491 80
0 add 505 67
0 add 562 22
0 add 2292 35
0 add 1063 92
0 add 6050 100
0 add 2837 62
0 add 4786 97
0 add 158 16
0 add 4288 99
0 add 574 70
0 add 3849 13
0 add 5851 32
0 add 2536 19
0 add 1259 72
0 add 2857 99
0 add 5111 24
0 add 4298 52
0 add 6068 23
0 add 746 34
0 add 4468 17
0 add 6658 83
0 add 402 59
0 add 4166 23
0 add 2956 40
0 add 2529 48
0 add 4625 99
0 add 1104 38
0 add 6781 88
0 add 191 86
0 add 926 19
0 add 4638 38
0 add 6850 88
0 add 6809 13
0 add 2849 73
0 add 1001 24
0 add 2743 18
0 add 2600 100
0 add 6663 20
0 add 6788 65
0 add 6166 40
0 add 3499 79
0 add 3157 66
0 add 2121 21
0 add 4201 2
0 add 1848 82
0 add 2082 76
0 add 1482 56
0 add 5906 75
0 add 862 9
0 add 3426 39
0 add 4572 89
0 add 3745 36
0 add 5418 63
0 add 2367 99
0 add 673 98
0 add 4968 21
0 add 5832 7
0 add 5759 74
0 add 2709 81
0 add 5378 97
0 add 165 17
0 add 5428 17
0 add 4754 20
0 add 1574 55
0 add 4449 54
0 add 3784 26
0 add 239 66
0 add 3597 84
0 add 5247 91
0 add 6725 43
0 add 1223 42
0 add 1508 96
0 add 4208 3
0 add 623 76
0 add 3571 77
0 add 4076 32
0 add 5707 24
0 add 6189 29
0 add 5146 11
0 add 3870 24
0 add 2841 99
0 add 2476 11
0 add 931 33
0 add 2936 99
0 add 2350 61
0 add 3479 70
0 add 745 58
0 add 1429 4
0 add 6092 3
0 add 1254 30
0 add 4885 10
0 add 2029 30
0 add 5548 48
0 add 2300 40
0 add 5123 84
0 add 6414 13
0 add 2876 22
0 add 4197 51
0 add 3877 48
0 add 6453 57
0 add 6857 84
0 add 4495 70
0 add 6709 22
0 add 5060 22
0 add 3380 2
0 add 2891 50
0 add 3392 15
0 add 3162 42
0 add 6472 47
0 add 3449 39
0 add 5263 26
0 add 240 86
0 add 5545 22
0 add 479 22
0 add 4365 93
0 add 2989 69
0 add 1150 63
0 add 1058 30
0 add 2274 14
0 add 3497 13
0 add 4103 12
0 add 4655 59
0 add 4530 38
0 add 3868 28
0 add 2474 6
0 add 5607 35
0 add 3623 65
0 add 5011 40
0 add 325 97
0 add 4355 35
0 add 5550 54
0 add 5302 97
0 add 3695 67
0 add 1681 51
0 add 663 95
0 add 3470 77
0 add 3182 66
0 add 4877 9
0 add 122 85
0 add 6356 27
0 add 5244 63
0 add 3985 1
0 add 2380 31
0 add 4897 33
0 add 6639 22
0 add 5522 36
0 add 5733 56
0 add 6226 18
0 add 454 91
0 add 6488 16
0 add 6609 26
0 add 48 82
0 add 2988 40
0 add 5871 75
0 add 6451 42
0 add 4235 23
0 add 1166 76
0 add 269 75
0 add 4361 40
0 add 4801 74
0 add 5715 34
0 add 1352 6
0 add 6685 66
0 add 5770 91
0 add 163 83
0 add 3982 34
0 add 2681 55
0 add 1782 17
0 add 4803 18
0 add 5985 69
0 add 2868 6
0 add 1243 41
0 add 6122 55
0 add 4089 76
0 add 1609 18
0 add 1604 33
0 add 1436 99
0 add 6084 40
0 add 6501 100
0 add 3923 5
0 add 1072 5
0 add 3692 83
0 add 1975 79
0 add 6227 27
0 add 6089 11
0 add 4407 63
0 add 3807 31
0 add 4203 68
0 add 2531 73
0 add 3291 24
0 add 4742 52
0 add 1820 45
0 add 6865 21
0 add 242 66
0 add 3589 77
0 add 6936 20
0 add 5223 10
0 add 4818 31
0 add 2574 68
0 add 4859 31
0 add 4301 14
0 add 4267 95
0 add 6057 31
0 add 4516 73
0 add 4832 94
0 add 964 41
0 add 3028 19
0 add 1677 7
0 add 4918 47
0 add 991 34
0 add 2357 41
0 add 3179 14
0 add 771 10
0 add 5136 15
0 add 1960 3
0 add 3036 87
0 add 978 93
0 add 6893 44
0 add 4862 87
0 add 6521 28
0 add 5521 54
0 add 1121 44
0 add 1348 95
0 add 4476 57
0 add 3189 100
0 add 1057 53
0 add 5070 48
0 add 3680 72
0 add 1374 85
0 add 1964 89
0 add 539 97
0 add 2800 20
0 add 4401 74
0 add 6556 87
0 add 3185 47
0 add 3411 2
0 add 6745 47
0 add 2869 12
0 add 5398 18
0 add 3953 58
0 add 4792 79
0 add 2180 36
0 add 2260 21
0 add 5282 90
0 add 5277 92
0 add 2672 90
0 add 6373 65
0 add 963 78
0 add 6106 15
0 add 4015 46
0 add 5324 54
0 add 2463 99
0 add 4016 33
0 add 1584 24
0 add 4304 32
0 add 4890 23
0 add 2198 73
0 add 1080 4
0 add 313 100
0 add 2893 11
0 add 1892 25
0 add 4039 62
0 add 3916 89
0 add 6797 8
0 add 2321 41
0 add 1340 25
0 add 2980 89
0 add 5604 5
0 add 5267 27
0 add 1143 25
0 add 2569 24
0 add 3843 81
0 add 5660 90
0 add 6870 74
0 add 3083 87
0 add 2983 18
0 add 4127 51
0 add 4328 24
0 add 5103 53
0 add 4763 50
0 add 5451 11
0 add 4961 46
0 add 5833 14
0 add 14 58
0 add 4259 66
0 add 2244 45
0 add 6885 18
0 add 6208 68
0 add 6222 29
0 add 4662 9
0 add 6543 60
0 add 1558 44
0 add 5709 7
0 add 812 22
0 add 4179 38
0 add 5083 7
0 add 3406 4
0 add 3652 93
0 add 4431 72
0 add 960 20
0 add 5983 73
0 add 3921 77
0 add 3352 56
0 add 3490 90
0 add 5004 26
0 add 58 37
0 add 2145 72
0 add 605 74
0 add 981 18
0 add 1921 92
0 add 1807 6
0 add 3794 9
0 add 694 84
0 add 2867 94
0 add 1804 80
0 add 4204 27
0 add 1390 39
0 add 1516 52
0 add 6426 64
0 add 971 31
0 add 500 50
0 add 217 32
0 add 1616 90
0 add 5262 6
0 add 432 86
0 add 534 2
0 add 1564 49
0 add 406 48
0 add 2848 66
0 add 3839 64
0 add 3510 45
0 add 1500 14
0 add 3862 82
0 add 1158 27
0 add 5990 82
0 add 4654 9
0 add 6327 59
0 add 2838 15
0 add 2088 33
0 add 4700 82
0 add 2723 25
0 add 2118 93
0 add 5745 16
0 add 2363 44
0 add 6941 64
0 add 3653 41
0 add 4732 14
0 add 828 36
0 add 3772 21
0 add 299 98
0 add 2781 18
0 add 4797 23
0 add 225 3
0 add 6552 73
0 add 1576 88
0 add 5016 28
0 add 5583 97
0 add 3053 74
0 add 2551 46
0 add 2609 38
0 add 3786 12
0 add 1935 55
0 add 1264 24
0 add 2318 72
0 add 6554 17
0 add 1061 60
0 add 2661 55
0 add 31 27
0 add 1077 83
0 add 5684 20
0 add 6487 46
0 add 2671 51
0 add 5215 31
0 add 6915 67
0 add 246 13
0 add 2085 28
0 add 5535 47
0 add 2650 6
0 add 221 34
0 add 3577 68
0 add 5872 40
0 add 1378 6
0 add 1878 98
0 add 2364 70
0 add 3688 47
0 add 854 11
0 add 3433 67
0 add 401 59
0 add 5210 2
0 add 1301 48
0 add 1768 25
0 add 836 92
0 add 3366 75
0 add 6536 73
0 add 2759 77
0 add 4350 40
0 add 6354 32
0 add 3091 28
0 add 1590 52
0 add 4926 55
0 add 2914 9
0 add 6035 54
0 add 1988 63
0 add 3068 38
0 add 6386 37
0 add 6461 57
0 add 6169 61
0 add 145 64
0 add 6591 1
0 add 1753 33
0 add 2254 12
0 add 2378 20
0 add 1721 58
0 add 2655 93
0 add 6457 92
0 add 1713 62
0 add 2282 15
0 add 6103 53
0 add 80 82
0 add 6471 27
0 add 5785 100
0 add 6268 34
0 add 127 29
0 add 4318 39
0 add 4902 36
0 add 1875 41
0 add 4846 28
0 add 4875 92
0 add 4481 59
0 add 2972 59
0 add 2927 73
0 add 1407 14
0 add 5765 47
0 add 2882 76
0 add 1207 45
0 add 6458 35
0 add 1612 93
0 add 2979 17
0 add 4311 12
0 add 2861 60
0 add 5685 1
0 add 108 28
0 add 2250 2
0 add 4937 49
0 add 1178 35
0 add 2249 50
0 add 5248 93
0 add 1333 8
0 add 6547 46
0 add 3443 57
0 add 3384 12
0 add 2258 26
0 add 484 72
0 add 3040 47
0 add 2793 29
0 add 2799 58
0 add 1594 91
0 add 3703 79
0 add 5963 59
0 add 6142 16
0 add 2840 85
0 add 2062 49
0 add 5882 47
0 add 560 44
0 add 6703 47
0 add 4421 12
0 add 3138 34
0 add 4595 28
0 add 4946 94
0 add 807 34
0 add 6297 52
0 add 90 29
0 add 5405 33
0 add 4919 59
0 add 2465 59
0 add 5679 68
0 add 6929 41
0 add 6861 5
0 add 2829 61
0 add 4550 23
0 add 5821 15
0 add 3777 29
0 add 4868 90
0 add 4035 16
0 add 2756 88
0 add 2653 82
0 add 4473 54
0 add 5505 78
0 add 5953 46
0 add 4956 95
0 add 5332 71
0 add 2707 75
0 add 1537 18
0 add 5897 19
0 add 3792 91
0 add 2239 83
0 add 4668 64
0 add 2510 84
0 add 5632 33
0 add 656 71
0 add 6475 14
0 add 4432 100
0 add 779 57
0 add 5373 26
0 add 2429 16
0 add 4955 24
0 add 864 37
0 add 1754 79
0 add 1113 56
0 add 6147 40
0 add 6617 70
0 add 6704 82
0 add 4719 18
0 add 3316 76
0 add 5410 5
0 add 3029 38
0 add 992 3
0 add 5229 63
0 add 84 41
0 add 1523 94
0 add 6115 58
0 add 6395 61
0 add 1512 40
0 add 6330 8
0 add 899 40
0 add 2538 38
0 add 4094 51
0 add 1822 79
0 add 5572 70
0 add 4589 86
0 add 2202 68
0 add 939 56
0 add 3733 32
0 add 2961 68
0 add 2151 31
0 add 5510 46
0 add 5154 14
0 add 2817 78
0 add 604 67
0 add 3284 49
0 add 1338 66
0 add 1615 51
0 add 653 31
0 add 4922 1
0 add 2269 31
0 add 3932 94
0 add 5859 68
0 add 2005 29
0 add 5362 38
0 add 4562 71
0 add 639 74
0 add 3502 62
0 add 5891 42
0 add 4537 35
0 add 4129 85
0 add 5473 16
0 add 3324 33
0 add 3202 9
0 add 3093 7
0 add 1936 70
0 add 3905 86
0 add 3360 93
0 add 975 33
0 add 5582 64
0 add 6033 100
0 add 3919 21
0 add 3651 6
0 add 6895 15
0 add 3572 25
0 add 4500 41
0 add 6794 63
0 add 654 3
0 add 6119 23
0 add 4383 92
0 add 1086 52
0 add 2221 76
0 add 1239 44
0 add 5601 58
0 add 881 46
0 add 1653 38
0 add 6631 35
0 add 4624 57
0 add 2917 40
0 add 2636 44
0 add 6843 67
0 add 5704 26
0 add 3071 90
0 add 1970 29
0 add 509 43
0 add 875 39
0 add 5265 33
0 add 1863 29
0 add 778 63
0 add 6876 43
0 add 4001 37
0 add 6075 49
0 add 2794 44
0 add 5642 3
0 add 6905 12
0 add 34 89
0 add 2977 34
0 add 6010 36
0 add 1555 66
0 add 6065 34
0 add 5176 49
0 add 3804 75
0 add 1423 4
0 add 2644 22
0 add 4120 39
0 add 4560 23
0 add 3088 45
0 add 5797 69
0 add 1008 88
0 add 6087 50
0 add 3278 5
0 add 2039 99
0 add 4760 1
0 add 6690 91
0 add 1944 90
0 add 5756 15
0 add 3658 57
0 add 5688 38
0 add 6578 37
0 add 1033 54
0 add 3024 15
0 add 6214 84
0 add 3051 65
0 add 4237 26
0 add 6378 21
0 add 2279 39
0 add 265 37
0 add 692 4
0 add 2865 13
0 add 1248 2
0 add 4394 84
0 add 271 41
0 add 3742 61
0 add 4963 40
0 add 6172 64
0 add 734 27
0 add 1489 94
0 add 703 65
0 add 4973 39
0 add 3084 45
0 add 868 56
0 add 42 78
0 add 184 64
0 add 1221 44
0 add 5969 64
0 add 1698 3
0 add 3991 58
0 add 5020 76
0 add 3192 71
0 add 2686 88
0 add 946 68
0 add 3731 85
0 add 3963 82
0 add 3935 90
0 add 129 43
0 add 4653 87
0 add 5264 95
0 add 997 33
0 add 1644 64
0 add 951 2
0 add 6697 84
0 add 4986 71
0 add 3822 60
0 add 6305 53
0 add 6864 83
0 add 1914 30
0 add 6687 60
0 add 4518 89
0 add 5653 42
0 add 2055 33
0 add 3337 60
0 add 2945 37
0 add 4392 21
0 add 6254 42
0 add 280 59
0 add 3018 8
0 add 1 7
0 add 4828 21
0 add 4938 79
0 add 4509 37
0 add 320 44
0 add 1872 1
0 add 3812 44
0 add 126 71
0 add 5646 20
0 add 1764 77
0 add 4613 29
0 add 4838 63
0 add 6400 40
0 add 119 25
0 add 5807 15
0 add 984 95
0 add 2811 32
0 add 1353 54
0 add 1955 94
0 add 4933 56
0 add 3473 1
0 add 6097 47
0 add 4836 3
0 add 4055 60
0 add 3918 20
0 add 6621 29
0 add 6881 36
0 add 1560 60
0 add 6681 99
0 add 1603 73
0 add 6381 83
0 add 3188 44
0 add 2613 5
0 add 2999 34
0 add 300 17
0 add 1133 91
0 add 4081 66
0 add 6377 73
0 add 5491 44
0 add 2466 68
0 add 4615 17
0 add 6275 75
0 add 6754 55
0 add 5186 60
0 add 2833 47
0 add 6965 63
0 add 1534 32
0 add 3437 2
0 add 3818 39
0 add 2965 20
0 add 619 83
0 add 5293 54
0 add 6940 33
0 add 1532 95
0 add 6962 28
0 add 3467 95
0 add 918 42
0 add 477 74
0 add 6950 41
0 add 679 52
0 add 6516 81
0 add 808 10
0 add 2568 31
0 add 5134 100
0 add 1559 63
0 add 3241 94
0 add 2066 74
0 add 2934 97
0 add 2169 23
0 add 2137 28
0 add 5078 100
0 add 6751 58
0 add 6779 77
0 add 1096 92
0 add 3599 14
0 add 5817 77
0 add 6669 38
0 add 6503 65
0 add 3254 35
0 add 489 24
0 add 2070 31
0 add 1766 15
0 add 4993 99
0 add 3512 42
0 add 6746 29
0 add 5422 3
0 add 96 67
0 add 5231 62
0 add 5052 64
0 add 6752 85
0 add 6397 23
0 add 2543 88
0 add 586 65
0 add 2631 79
0 add 6538 32
0 add 285 71
0 add 3101 47
0 add 6454 30
0 add 3313 49
0 add 5540 73
0 add 2438 26
0 add 879 62
0 add 2200 90
0 add 4399 40
0 add 6598 13
0 add 6683 49
0 add 6767 75
0 add 2524 49
0 add 1149 34
0 add 2874 26
0 add 3390 3
0 add 2077 87
0 add 2177 28
0 add 5551 78
0 add 4829 48
0 add 1919 52
0 add 3370 72
0 add 6750 86
0 add 4526 36
0 add 5561 87
0 add 3172 84
0 add 4667 2
0 add 1580 27
0 add 5861 56
0 add 5787 59
0 add 1240 38
0 add 6040 99
0 add 1502 79
0 add 4171 62
0 add 4682 99
0 add 1042 44
0 add 2818 22
0 add 322 17
0 add 2427 99
0 add 6562 62
0 add 1856 49
0 add 958 45
0 add 1415 84
0 add 5346 34
0 add 4969 58
0 add 4339 73
0 add 6896 77
0 add 6771 43
0 add 4167 85
0 add 1984 60
0 add 5079 70
0 add 5911 46
0 add 3574 20
0 add 3561 62
0 add 2236 54
0 add 5826 97
0 add 1484 55
0 add 4271 15
0 add 2459 37
0 add 5562 92
0 add 4759 91
0 add 1591 5
0 add 5057 46
0 add 2860 92
0 add 348 40
0 add 607 42
0 add 4583 53
0 add 3564 76
0 add 4396 50
0 add 2024 26
0 add 3590 58
0 add 575 70
0 add 5236 31
0 add 1030 54
0 add 5995 73
0 add 3911 63
0 add 6630 75
0 add 1384 23
0 add 5883 44
0 add 5042 39
0 add 3146 47
0 add 449 81
0 add 6961 55
0 add 867 89
0 add 4489 51
0 add 5875 24
0 add 595 34
0 add 3934 96
0 add 1556 32
0 add 4196 44
0 add 2610 44
0 add 4714 45
0 add 2373 62
0 add 699 11
0 add 4145 17
0 add 1932 87
0 add 4414 65
0 add 1441 32
0 add 6434 49
0 add 2798 39
0 add 1321 90
0 add 219 75
0 add 4951 19
0 add 1425 64
0 add 1974 100
0 add 397 58
0 add 5549 78
0 add 2603 50
0 add 3220 44
0 add 6027 28
0 add 3531 11
0 add 2398 3
0 add 2447 26
0 add 4611 77
0 add 1099 67
0 add 4858 9
0 add 1097 69
0 add 2505 79
0 add 5088 96
0 add 5055 46
0 add 6925 18
0 add 3019 71
0 add 2247 4
0 add 3102 15
0 add 1861 27
0 add 4669 9
0 add 1062 30
0 add 5085 35
0 add 3980 54
0 add 6862 21
0 add 6514 87
0 add 4547 44
0 add 5102 100
0 add 1137 63
0 add 3355 35
0 add 789 64
0 add 5757 51
0 add 2238 73
0 add 1280 74
0 add 5668 5
0 add 3925 28
0 add 552 89
0 add 5117 66
0 add 88 90
0 add 5207 2
0 add 923 61
0 add 6438 20
0 add 3046 100
0 add 649 26
0 add 5571 22
0 add 945 35
0 add 6100 63
0 add 2646 80
0 add 5934 59
0 add 894 10
0 add 5460 94
0 add 5258 9
0 add 4704 95
0 add 953 75
0 add 4864 53
0 add 529 43
0 add 4214 71
0 add 4376 28
0 add 2899 80
0 add 4810 85
0 add 917 73
0 add 2212 55
0 add 33 100
0 add 2700 97
0 add 5620 68
0 add 2436 32
0 add 2275 74
0 add 1704 85
0 add 6782 46
0 add 5514 64
0 add 6421 76
0 add 622 26
0 add 4451 40
0 add 2590 65
0 add 305 40
0 add 6512 25
0 add 6375 57
0 add 3988 89
0 add 77 71
0 add 2015 93
0 add 2641 25
0 add 6243 27
0 add 4837 41
0 add 4908 24
0 add 6011 57
0 add 3213 71
0 add 4011 18
0 add 2728 53
0 add 1876 92
0 add 3902 93
0 add 1632 97
0 add 6479 44
0 add 4985 44
0 add 2949 99
0 add 511 28
0 add 3151 86
0 add 5496 4
0 add 172 14
0 add 1583 53
0 add 4066 68
0 add 6867 76
0 add 110 13
0 add 6923 93
0 add 1060 89
0 add 5677 84
0 add 3124 98
0 add 4294 10
0 add 1736 16
0 add 5074 5
0 add 1396 11
0 add 5847 46
0 add 4391 29
0 add 3378 63
0 add 4067 95
0 add 2160 35
0 add 5364 57
0 add 5511 73
0 add 4642 4
0 add 312 41
0 add 2638 22
0 add 481 78
0 add 6113 75
0 add 2335 24
0 add 2750 59
0 add 2128 64
0 add 2347 42
0 add 3023 15
0 add 6431 52
0 add 2822 77
0 add 1271 44
0 add 3774 34
0 add 1684 80
0 add 555 38
0 add 3285 57
0 add 5352 47
0 add 6773 47
0 add 5360 14
0 add 5169 80
0 add 5022 73
0 add 2488 74
0 add 4867 13
0 add 1563 27
0 add 4484 61
0 add 878 100
0 add 1180 2
0 add 1679 100
0 add 5635 64
0 add 30 97
0 renice 5011 5895
0 renice 5582 -1807
0 renice 6149 -6342
0 renice 6755 4294
0 renice 402 -3249
0 renice 2681 4789
0 renice 1878 -2063
0 renice 6521 -2541
0 renice 5894 6377
0 renice 4848 -5770
0 renice 3818 -5799
0 renice 1878 1390
0 renice 2070 -3557
0 renice 6229 591
0 renice 4076 855
0 renice 2380 5448
0 renice 2977 4462
0 renice 1001 -3386
0 renice 1782 -2462
0 renice 6354 1343
0 renice 2613 493
0 renice 418 4916
0 renice 1632 -785
0 renice 4375 404
0 renice 5551 -422
0 renice 5939 -4881
0 renice 4513 2323
0 renice 3151 -5617
0 renice 699 -1173
0 renice 325 -4755
0 renice 4225 2266
0 renice 4145 -4066
0 renice 5928 -6749
0 renice 2466 4820
0 renice 6624 6813
0 renice 4605 2353
0 renice 3674 5779
0 renice 3038 -3644
0 renice 2454 -6695
0 renice 88 -2460
0 renice 4096 -2452
0 renice 2223 -5907
0 renice 1666 5803
0 renice 4759 2547
0 renice 3488 6284
0 renice 3891 -3136
0 renice 3792 3504
0 renice 2005 -3109
0 renice 4832 5055
0 renice 4868 3757
0 renice 4081 6340
0 renice 4125 4212
0 renice 3692 -3855
0 renice 813 498
0 renice 4774 -2295
0 renice 5969 427
0 renice 2114 -3802
0 renice 5083 -545
0 renice 997 -1958
0 renice 1733 -3117
0 renice 5418 6802
0 renice 2739 1298
0 renice 4301 -3800
0 renice 2732 3941
0 renice 5122 1933
0 renice 3271 -3644
0 renice 5437 2937
0 renice 3316 -325
0 renice 4298 3921
0 renice 4786 4927
0 renice 4047 4584
0 renice 2980 3633
0 renice 2657 5141
0 renice 6536 1516
0 renice 1060 6605
0 renice 1879 -4364
0 renice 4989 2270
0 renice 4235 6212
0 renice 1384 -5190
0 renice 4890 3299
0 renice 4476 2971
0 renice 4682 3446
0 renice 4607 1095
0 renice 3868 -2468
0 renice 1372 3719
0 renice 6488 -5192
0 renice 1171 -5099
0 renice 5897 -6289
0 renice 1301 440
0 renice 2251 -4015
0 renice 6726 -3502
0 renice 4017 -3186
0 renice 2088 1577
0 renice 172 1989
0 renice 3281 2002
0 renice 4219 6461
0 renice 4858 -5242
0 renice 6011 -6392
0 renice 2822 4834
0 renice 1280 3710
0 renice 6905 -5717
0 renice 6377 -3502
0 renice 3213 -2467
0 renice 460 6114
0 renice 6093 5416
0 renice 6111 5506
0 renice 639 -1442
0 renice 3708 3792
0 renice 6123 -3793
0 renice 3580 5867
0 renice 854 -3057
0 renice 4786 1994
0 renice 2119 1456
0 renice 2822 3278
0 renice 5013 5668
0 renice 332 -279
0 renice 5103 -669
0 renice 1649 4644
0 renice 4443 5282
0 renice 1348 192
0 renice 4867 -4804
0 renice 484 -3095
0 renice 3166 2143
0 renice 4993 -1461
0 renice 4237 1983
0 renice 5130 -2181
0 renice 3479 74
0 renice 490 3786
0 renice 5757 4831
0 renice 2375 -3191
0 renice 6431 5629
0 renice 4836 -4825
0 renice 2658 1489
0 renice 2465 -2008
0 renice 2277 4953
0 renice 1590 1257
0 renice 5922 6590
0 renice 240 -5603
0 renice 1553 -2403
0 renice 6100 -5998
0 renice 5022 1598
0 renice 4862 5730
0 renice 6514 -2968
0 renice 2945 5969
0 renice 4624 4885
0 renice 3857 -4190
0 renice 2438 856
0 renice 3864 1733
0 renice 4715 1476
0 renice 2290 6686
0 renice 4660 -2912
0 renice 2436 -6097
0 renice 5229 2588
0 renice 4473 -3167
0 renice 2961 -2483
0 renice 1533 -3799
0 renice 3392 -2090
0 renice 649 -2719
0 renice 1876 -2481
0 renice 4077 447
0 renice 5990 -2991
0 renice 539 4361
0 renice 6941 6379
0 renice 235 2210
0 renice 1713 4319
0 renice 6621 -4239
0 renice 939 5288
0 renice 2531 -6228
0 renice 6142 -2044
0 renice 4744 6945
0 renice 607 -2090
0 renice 3024 -2049
0 renice 2743 -4
0 renice 2645 -5566
0 renice 2684 -4630
0 renice 2287 1790
0 renice 2180 -6534
0 renice 2300 4907
0 renice 4066 -5613
0 renice 962 -6953
0 renice 4221 6343
0 renice 2200 -480
0 renice 3612 986
0 renice 5552 -2984
0 renice 4744 1249
0 renice 2198 6137
0 renice 4787 1665
0 renice 4638 -4916
0 renice 2467 3012
0 renice 1143 -3507
0 renice 6327 -4289
0 renice 3316 2442
0 renice 2177 4573
0 renice 3149 4837
0 renice 5551 1538
0 renice 1970 5742
0 renice 2882 4390
0 renice 5542 4514
0 renice 2458 2697
0 renice 6047 2085
0 renice 4468 1123
0 renice 4998 289
0 renice 5871 4910
0 renice 1984 -6219
0 renice 2275 6822
0 renice 1073 -3538
0 renice 445 354
0 renice 6229 2798
0 renice 5079 4202
0 renice 4905 -2972
0 renice 931 2219
0 renice 6940 -161
0 renice 2184 4859
0 renice 6097 -3132
0 renice 373 -6436
0 renice 4035 6096
0 renice 3985 -5858
0 renice 2350 -4398
0 renice 3285 983
0 renice 2398 3421
0 renice 1178 1289
0 renice 4582 4513
0 renice 5522 5061
0 renice 3284 1829
0 renice 2066 5675
0 renice 5405 1444
0 renice 1415 -1786
0 renice 189 2062
0 renice 1171 -2505
0 renice 1903 -2705
0 renice 6536 3134
0 renice 2165 -5364
0 renice 1766 3097
0 renice 477 -2934
0 renice 1992 3552
0 renice 2014 6237
0 renice 5586 -845
0 renice 1113 4399
0 renice 2367 -5761
0 renice 6929 3649
0 renice 981 5092
0 renice 3421 4928
0 renice 403 -5313
0 renice 6950 5033
0 renice 5181 4057
0 renice 511 604
0 renice 1428 417
0 renice 2180 56
0 renice 6426 -570
0 renice 1553 204
0 renice 231 1611
0 renice 2992 -5840
0 renice 692 3459
0 renice 3794 -5204
0 renice 1500 5828
0 renice 2118 964
0 renice 5562 2997
0 renice 103 -1261
0 renice 663 1385
0 renice 6915 663
0 renice 5627 2083
0 renice 2373 4011
0 renice 2739 -3912
0 renice 1441 -5296
0 renice 2467 6377
0 renice 5264 768
0 renice 1094 1533
0 renice 1639 -681
0 renice 3384 -27
0 renice 2292 -5231
0 renice 6449 -5291
0 renice 959 -1285
0 renice 3822 6535
0 renice 4739 5096
0 renice 134 -3054
0 renice 2282 6870
0 renice 653 -6253
0 renice 3185 3688
0 renice 6554 3517
0 renice 4288 519
0 renice 1948 4644
0 renice 3918 -3215
0 renice 2017 -3027
0 renice 2893 6039
0 renice 6243 594
0 renice 3162 -6426
0 renice 864 105
0 renice 622 6444
0 renice 5494 -5571
0 renice 5133 897
0 renice 6297 2209
0 renice 5963 -459
0 renice 2495 -951
0 renice 2510 -2011
0 renice 1764 3584
0 renice 2610 -6453
0 renice 4158 476
0 renice 3278 -107
0 renice 964 940
0 renice 6751 1559
0 renice 271 644
0 renice 6033 -1165
0 renice 5709 3069
0 renice 4252 3247
0 renice 3518 1215
0 renice 6222 92
0 renice 2917 -3834
0 renice 2732 -6009
0 renice 2041 -1962
0 renice 2470 4093
0 renice 4848 -3884
0 renice 1639 5851
0 renice 946 -3065
0 renice 3443 2456
0 renice 1376 2156
0 renice 4171 3295
0 renice 6819 -4109
0 renice 481 1990
0 renice 4087 -1027
0 renice 6246 5422
0 renice 945 5600
0 renice 2888 5535
0 renice 6332 4809
0 renice 6152 -3125
0 renice 6436 -4090
0 renice 6090 1585
0 renice 4810 6575
0 renice 3101 1671
0 renice 3188 17
0 renice 4903 3870
0 renice 4179 -3372
0 renice 1423 2405
0 renice 5391 -5735
0 renice 3313 -3810
0 renice 3797 5153
0 renice 6400 -3990
0 renice 48 5260
0 renice 3944 -6765
0 renice 3378 -2860
0 renice 4787 -4020
0 renice 3035 -5139
0 renice 2638 1301
0 renice 2892 -653
0 renice 5264 -1110
0 renice 5640 -1767
0 renice 4638 15
0 renice 4221 1924
0 renice 479 3898
0 renice 5398 6335
0 renice 1206 3753
0 renice 642 4753
0 renice 325 2594
0 renice 5939 -3621
0 renice 6631 -6552
0 renice 5378 2675
0 renice 5187 4477
0 renice 4113 -2016
0 renice 6027 -1424
0 renice 4883 2459
0 renice 2867 3330
0 renice 5184 -6276
0 renice 5398 -6019
0 renice 3862 4712
0 renice 5078 -5817
0 renice 6687 -24
0 renice 4489 6456
0 renice 3774 -2314
0 renice 5600 -499
0 renice 5869 4232
0 renice 6488 -4280
0 renice 2936 2861
0 renice 2865 3403
0 renice 2913 -4507
0 renice 6745 2140
0 renice 2678 4211
0 renice 2279 3952
0 renice 3053 -5418
0 renice 432 -5841
0 renice 5797 5875
0 renice 6877 -3038
0 renice 2250 -6097
0 renice 4055 3722
0 renice 2114 4406
0 renice 5516 -3605
0 renice 1199 -3075
0 renice 4361 309
0 renice 5398 -1360
0 renice 284 -2456
0 renice 6349 6016
0 renice 1639 -1514
0 renice 5757 6181
0 renice 2165 4733
0 renice 6609 1374
0 renice 3822 6568
0 renice 1704 -5839
0 renice 2128 -2327
0 renice 2610 -6675
0 renice 1970 3419
0 renice 2732 3966
0 renice 3180 5429
0 renice 5545 1440
0 renice 5583 4458
0 renice 5815 -6827
0 renice 2869 -3111
0 renice 1934 635
0 renice 5052 -2056
0 renice 5796 -1296
0 renice 656 -54
0 renice 3574 -1810
0 renice 964 -406
0 renice 3561 2137
0 renice 5572 -3511
0 renice 1969 4116
0 renice 5928 -1261
0 renice 1766 -3452
0 renice 2454 -4947
0 renice 6222 -6598
0 renice 4689 -4201
0 renice 3935 -727
0 renice 5765 3234
0 renice 5794 6345
0 renice 3470 6091
0 renice 3580 2756
0 renice 5965 5281
0 renice 2529 5670
0 renice 4197 1864
0 renice 1428 5964
0 renice 2677 -5558
0 renice 3040 -4923
0 renice 520 374
0 renice 3920 -2852
0 renice 2206 -3343
0 renice 3360 4029
0 renice 46 -4884
0 renice 6750 4742
0 renice 411 -5619
0 renice 5545 5172
0 renice 4476 6764
0 renice 2477 3487
0 renice 149 -1971
0 renice 5574 -6708
0 renice 4731 6681
0 renice 2917 2255
0 renice 2495 -2017
0 renice 2477 496
0 renice 5797 1683
0 renice 5627 5068
0 renice 1819 2641
0 renice 3979 -5416
0 renice 917 5545
0 renice 6938 -5843
0 renice 6113 2400
0 renice 6458 2202
0 renice 5435 4825
0 renice 1001 1363
0 renice 875 -2531
0 renice 4067 -5080
0 renice 2659 2938
0 renice 6631 -1355
0 renice 5954 6536
0 renice 6097 -3972
0 renice 3531 468
0 renice 1558 6900
0 renice 1681 2613
0 renice 2543 5097
0 renice 6084 -3192
0 renice 894 2617
0 renice 4393 -6232
0 renice 6434 1493
0 renice 5806 -1085
0 renice 5178 -6691
0 renice 5470 -6469
0 renice 2066 -1940
0 renice 4669 2760
0 renice 4237 4580
0 renice 6669 -5085
0 renice 1228 6392
0 renice 3418 5799
0 renice 5709 6628
0 renice 5552 -3183
0 renice 6488 -5197
0 renice 1378 -3246
0 renice 918 6517
0 renice 6768 6776
0 renice 5410 3088
0 renice 4944 -2848
0 renice 3151 -6631
0 renice 2837 -3238
0 renice 2277 -1759
0 renice 6420 -3348
0 renice 1014 -4424
0 renice 2645 2235
0 renice 4646 -1153
0 renice 1974 -3982
0 renice 945 -5392
0 renice 2378 1521
0 renice 3490 -2594
0 renice 299 1565
0 renice 3310 -5460
0 renice 5835 -3472
0 renice 6968 -349
0 renice 4854 429
0 renice 3030 -1347
0 renice 1560 2793
0 renice 5114 1864
0 renice 881 4236
0 renice 4444 -972
0 renice 2853 6249
0 renice 5267 -919
0 renice 5601 5513
0 renice 5320 -2983
0 renice 5154 3955
0 renice 58 -4193
0 renice 6367 -658
0 renice 5540 1803
0 renice 4704 379
0 renice 4365 3869
0 renice 2846 6608
0 renice 2913 -6506
0 renice 703 -6253
0 renice 1878 5831
0 renice 2574 2282
0 renice 6383 -1282
0 renice 4301 -6230
0 renice 4052 5215
0 renice 4224 -1660
0 renice 724 3234
0 renice 6097 1056
0 renice 2254 -3571
0 renice 217 -5841
0 renice 4443 -2419
0 renice 6449 3322
0 renice 3091 3180
0 renice 2258 -2965
0 renice 5277 -1916
0 renice 189 -4052
0 renice 3972 3745
0 renice 4055 -1834
0 renice 3066 -1859
0 renice 28 3087
0 renice 31 -5543
0 renice 6414 687
0 renice 65 981
0 renice 6905 -5559
0 renice 5130 1512
0 renice 2254 -4433
0 renice 3816 1342
0 renice 4801 349
0 renice 460 -3138
0 renice 440 2684
0 renice 5785 760
0 renice 4885 -3435
0 renice 3905 -3174
0 renice 4844 -1540
0 renice 5126 877
0 renice 4885 -6158
0 renice 278 611
0 renice 5422 -5277
0 renice 6047 -3919
0 renice 130 172
0 renice 4547 -1205
0 renice 1221 -5851
0 renice 512 2565
0 renice 3864 4527
0 renice 5004 -6091
0 renice 3366 2849
0 renice 450 -2270
0 renice 6057 -4633
0 renice 6250 658
0 renice 6423 3226
0 renice 2927 -6479
0 renice 3185 -5434
0 renice 191 -4418
0 renice 5133 5761
0 renice 864 -2664
0 renice 1221 761
0 renice 2562 4738
0 renice 2250 322
0 renice 1616 4861
0 renice 3370 -4058
0 renice 2658 -6793
0 renice 3019 -3217
0 renice 4092 -5220
0 renice 2723 -4299
0 renice 6364 -1669
0 renice 6103 -5570
0 renice 1244 -614
0 renice 5992 -3485
0 renice 3278 -3008
0 renice 217 -364
0 renice 653 -6530
0 renice 4167 4001
0 renice 512 6538
0 renice 3241 -2779
0 renice 1312 -4627
0 renice 4864 -354
0 renice 481 2284
0 renice 2421 2251
0 renice 5807 2959
0 renice 4103 -4774
0 renice 278 6764
0 renice 4653 -2067
0 renice 4318 2240
0 renice 3853 5515
0 renice 6381 5359
0 renice 4014 -4726
0 renice 964 3400
0 renice 1060 76
0 renice 4323 1771
0 renice 4786 1840
0 renice 6228 -4408
0 renice 6434 2345
0 renice 4859 -1659
0 renice 2840 4761
0 renice 2893 4679
0 renice 3157 -6047
0 renice 2562 4451
0 renice 1150 -627
0 renice 1057 -4244
0 renice 447 -5007
0 renice 2824 -5220
0 renice 3355 -6252
0 renice 1321 2506
0 renice 1483 -1186
0 renice 6084 -451
0 renice 6438 -740
0 renice 1748 2246
0 renice 953 -3095
0 renice 2683 -73
0 renice 6214 -708
0 renice 6950 5664
0 renice 4947 -1353
0 renice 2794 3769
0 renice 6850 4696
0 renice 2795 -3760
0 renice 794 3660
0 renice 3534 -235
0 renice 2527 -933
0 renice 5027 1004
0 renice 2983 -2946
0 renice 2014 -5619
0 renice 2446 1652
0 renice 2459 3755
0 renice 1860 -1540
0 renice 1932 -3873
0 renice 1062 -634
0 renice 6750 3139
0 renice 1713 2336
0 renice 3051 1053
0 renice 6453 -1558
0 renice 4743 -154
0 renice 1271 4744
0 renice 4443 -735
0 renice 2279 5822
0 renice 5133 1496
0 renice 1625 1279
0 renice 2350 -2251
0 renice 1564 -1669
0 renice 3124 -385
0 renice 5704 4102
0 renice 2235 2061
0 renice 1709 303
0 renice 5346 -4103
0 renice 4679 -169
0 renice 6686 -3915
0 renice 5113 -6437
0 renice 5765 3078
0 renice 5011 1553
0 renice 4774 -5360
0 renice 2039 4499
0 renice 2650 -4287
0 renice 4787 5770
0 renice 6819 -1175
0 renice 1014 1686
0 renice 2282 3043
0 renice 1576 2418
0 renice 2353 -1781
0 renice 6034 -3411
0 renice 836 -1731
0 renice 4523 369
0 renice 2733 3211
0 renice 3872 -1110
0 renice 4288 5
0 renice 6472 -4994
0 renice 3038 -3408
0 renice 3088 5249
0 renice 926 2094
0 renice 427 -997
0 renice 5102 1134
0 renice 2279 -2109
0 renice 5103 -5424
0 renice 6687 -4123
0 renice 2893 -5645
0 renice 4158 -3690
0 renice 285 1306
0 renice 2538 -1544
0 renice 265 -6504
0 renice 3597 6455
0 renice 2465 2477
0 renice 1244 -3017
0 renice 6646 -52
0 renice 6794 -5561
0 renice 3953 2013
0 renice 6068 -1523
0 renice 2501 554
0 renice 6444 4060
0 renice 5672 5641
0 renice 3219 -4970
0 renice 3502 -2456
0 renice 4094 -729
0 renice 2846 1056
0 renice 5057 807
0 renice 3388 1925
0 renice 3969 3961
0 renice 1409 -3389
0 renice 5231 -2320
0 renice 5727 5140
0 renice 6621 -4119
0 renice 3518 -6211
0 renice 2913 2197
0 renice 3360 -5774
0 renice 2638 -1156
0 renice 1767 3532
0 renice 4029 5779
0 renice 5262 3857
0 renice 4905 -452
0 renice 4846 -5389
0 renice 6961 -92
0 renice 4473 -290
0 renice 3384 619
0 renice 4383 -3254
0 renice 4944 1478
0 renice 6794 3912
0 renice 4224 -5531
0 renice 4785 5663
0 renice 6247 6158
0 renice 5806 -3509
0 renice 490 6855
0 renice 813 4451
0 renice 6327 -4665
0 renice 278 2289
0 renice 5133 4730
0 renice 6938 5189
0 renice 756 -5391
0 renice 2641 1641
0 renice 440 -4241
0 renice 2840 3062
0 renice 2156 642
0 renice 4087 -360
0 renice 6436 6308
0 renice 1271 2109
0 renice 6819 5700
0 renice 1616 548
0 renice 6154 4785
0 renice 2759 2565
0 renice 2135 -4860
0 renice 6829 -5940
0 renice 4828 540
0 renice 5410 3561
0 renice 1665 1285
0 renice 3969 3881
0 renice 4871 -6650
0 renice 6797 -4652
0 renice 5828 6449
0 renice 1014 3437
0 renice 2817 3348
0 renice 4854 2738
0 renice 3337 502
0 renice 605 -5247
0 renice 2759 -2026
0 renice 1748 -502
0 renice 3652 -1445
0 renice 6264 -6836
0 renice 2956 1631
0 renice 5419 -1347
0 renice 3102 6213
0 renice 2279 5555
0 renice 231 1370
0 renice 1104 5457
0 renice 6375 -2228
0 renice 3166 -5846
0 renice 552 1919
0 renice 6362 2629
0 renice 2700 -1945
0 renice 2279 1676
0 renice 2550 4856
0 renice 197 383
0 renice 3292 -4581
0 renice 1223 -4285
0 renice 6378 -6575
0 renice 5704 -1248
0 renice 3862 -477
0 renice 111 -2904
0 renice 1271 2099
0 renice 4801 -6722
0 renice 2106 -651
0 renice 3921 5163
0 renice 4410 6696
0 renice 3439 -4753
0 renice 427 -4966
0 renice 5586 -4240
0 renice 4740 5935
0 renice 4704 -814
0 renice 3363 -5737
0 renice 5770 -5544
0 renice 2756 4804
0 renice 607 -5083
0 renice 6299 5248
0 renice 4577 -558
0 renice 4361 5397
0 renice 6089 276
0 renice 350 3028
0 renice 1804 -1574
0 renice 231 4101
0 renice 4636 5583
0 renice 130 4999
0 renice 885 -1553
0 renice 5551 -5781
0 renice 2165 -4817
0 renice 2794 -2297
0 renice 4947 -6244
0 renice 5795 -4732
0 renice 2290 -4047
0 renice 1012 -4400
0 renice 3185 241
0 renice 6746 6011
0 renice 6703 -6801
0 renice 5126 6600
0 renice 6938 6601
0 renice 450 -2185
0 renice 3411 -924
0 renice 1060 1791
0 renice 1615 -2868
0 renice 3324 -5814
0 renice 4732 6433
0 renice 4365 -3779
0 renice 5219 -1021
0 renice 4689 -2869
0 renice 6895 -2827
0 renice 5733 -4636
0 renice 4636 6120
0 renice 3366 1888
0 renice 329 -6896
0 renice 3744 -6958
0 renice 5187 -5352
0 renice 2917 6008
0 renice 1966 -3129
0 renice 6703 -3520
0 renice 6434 -1250
0 renice 4306 6964
0 renice 5353 -3749
0 renice 5016 -4678
0 renice 2914 -2990
0 renice 2663 2422
0 renice 3932 267
0 renice 2798 1419
0 renice 6602 -6170
0 renice 5582 -6813
0 renice 454 1263
0 renice 3172 6114
0 renice 2437 -3527
0 renice 2677 3367
0 renice 5582 5184
0 renice 2235 4279
0 renice 5146 -3379
0 renice 5332 3486
0 renice 1376 2843
0 renice 403 -2527
0 renice 2889 -1326
0 renice 2274 5230
0 renice 2979 671
0 renice 2015 -1397
0 renice 3172 -6396
0 renice 5130 6762
0 renice 2723 2018
0 renice 2739 6861
0 renice 6608 4789
0 renice 6608 -6073
0 renice 2300 -812
0 renice 3425 -4440
0 renice 4081 4216
0 renice 3862 2504
0 renice 4288 2530
0 renice 2765 -6647
0 renice 6938 -247
0 renice 2954 -1539
0 renice 2840 4266
0 renice 5997 249
0 renice 2191 -601
0 renice 4828 2635
0 renice 4197 1514
0 renice 2624 -5964
0 renice 3833 -952
0 renice 3953 -3344
0 renice 445 1246
0 renice 3024 -2281
0 renice 6779 1084
0 renice 4595 -5088
0 renice 5576 -6929
0 renice 1747 5926
0 renice 5505 5389
0 renice 274 -4812
0 renice 3902 1748
0 renice 2874 6277
0 renice 4421 6955
0 renice 1248 5414
0 renice 5688 -3187
0 renice 6852 2738
0 renice 2427 -2799
0 renice 3267 -864
0 renice 4337 3453
0 renice 5470 -1163
0 renice 2367 4531
0 renice 4760 804
0 renice 2961 -4239
0 renice 1254 -79
0 renice 6371 -421
0 renice 4715 -3271
0 renice 6549 -12
0 renice 4373 -2995
0 renice 6779 3517
0 renice 1566 -4071
0 renice 2609 4908
0 renice 964 -671
0 renice 984 -4628
0 renice 2437 -1150
0 renice 1724 5181
0 renice 5830 4784
0 renice 3804 -573
0 renice 3270 1194
0 renice 2988 5491
0 renice 1133 -2347
0 renice 4519 6582
0 renice 4903 -5180
0 renice 2574 -6747
0 renice 808 1814
0 renice 111 2280
0 renice 1681 -2079
0 renice 484 -1415
0 renice 5282 -3972
0 renice 2815 5425
0 renice 2236 1537
0 renice 1574 3737
0 renice 3443 -2881
0 renice 5016 -5059
0 renice 5446 3817
0 renice 1616 -1152
0 renice 3222 -4820
0 renice 4537 1889
0 renice 1489 -728
0 renice 365 -2749
0 renice 106 -6927
0 renice 6223 6108
0 renice 3068 -6491
0 renice 2574 6228
0 renice 5079 813
0 renice 5424 1815
0 renice 3688 -3600
0 renice 4379 -947
0 renice 5907 5510
0 renice 6965 -4556
0 renice 4496 -5750
0 renice 3755 -1104
0 renice 1604 4431
0 renice 2765 5664
0 renice 5134 -4757
0 renice 3599 2250
0 renice 2661 -6292
0 renice 3918 4719
0 renice 4903 -3569
0 renice 4963 212
0 renice 6119 -3291
0 renice 5715 3116
0 renice 4132 -1800
0 renice 1243 -4760
0 renice 1986 -2930
0 renice 5648 6868
0 renice 5943 5290
0 renice 5653 -5007
0 renice 5827 5224
0 renice 5535 541
0 renice 2728 -1518
0 renice 6172 2721
0 renice 3053 6343
0 renice 4414 2142
0 renice 4332 2382
0 renice 978 6493
0 renice 2913 2411
0 renice 3051 6789
0 renice 2671 5484
0 renice 3016 -6293
0 renice 6575 3874
0 renice 6057 507
0 renice 1733 -2017
0 renice 235 555
0 renice 6639 486
0 renice 5085 -3365
0 renice 4986 -5138
0 renice 5324 6071
0 renice 3985 -3996
0 renice 1698 2133
0 renice 3862 1387
0 renice 6400 2833
0 renice 5679 -2430
0 renice 1428 -6079
0 renice 4982 -416
0 renice 5983 1381
0 renice 6862 2778
0 renice 6332 6847
0 renice 4376 -2832
0 renice 1887 1733
0 renice 6349 -2892
0 renice 4563 -1886
0 renice 3921 -3111
0 renice 1121 5358
0 renice 4532 -6882
0 renice 3285 5937
0 renice 1566 6214
0 renice 6669 -4201
0 renice 6746 -2949
0 renice 2318 1349
0 renice 960 775
0 renice 1620 -3957
0 renice 5785 1624
0 renice 5557 -5987
0 renice 3026 -5810
0 renice 2535 -2985
0 renice 1254 -1704
0 renice 1512 -3237
0 renice 1167 -252
0 renice 1919 1376
0 renice 1237 -178
0 renice 6881 6274
0 renice 2536 6009
0 renice 4323 3096
0 renice 1804 -5898
0 renice 4019 -1865
0 renice 6968 -6353
0 renice 966 -519
0 renice 555 1516
0 renice 1248 -6822
0 renice 4919 6946
0 renice 6639 4696
0 renice 5324 6591
0 renice 1012 5350
0 renice 5757 3779
0 renice 3146 -5393
0 renice 123 881
0 renice 5679 919
0 renice 3877 5357
0 renice 242 3842
0 renice 4851 548
0 renice 4618 -1456
0 renice 5573 -2129
0 renice 5169 -5377
0 renice 2318 436
0 renice 5615 4226
0 renice 4655 6799
0 renice 4582 645
0 renice 3182 3084
0 renice 4039 -751
0 renice 6264 994
0 renice 6226 2279
0 renice 4447 -2785
0 renice 2671 -1980
0 renice 3653 2864
0 renice 2039 3870
0 renice 6267 -24
0 renice 862 4179
0 renice 3534 792
0 renice 692 -5919
0 renice 479 -6110
0 renice 3473 6775
0 renice 3996 5809
0 renice 4922 -5019
0 renice 4496 3930
0 renice 4129 -355
0 renice 2655 1575
0 renice 1883 917
0 renice 3816 3201
0 renice 6752 -1144
0 renice 4201 -3896
0 renice 1137 -4723
0 renice 653 -3094
0 renice 6688 1711
0 renice 6027 -802
0 renice 3988 -1420
0 renice 1807 -6500
0 renice 3786 -936
0 renice 5159 -4365
0 renice 747 -5606
0 renice 1391 -405
0 renice 1733 5979
0 renice 6471 3933
0 renice 2677 5596
0 renice 6746 1770
0 renice 3038 4916
0 renice 1415 4644
0 renice 4985 1949
0 renice 5807 3065
0 renice 2381 -237
0 renice 481 -6162
0 renice 1764 -6746
0 renice 6268 5021
0 renice 5080 -4906
0 renice 5540 -1225
0 renice 4055 -5483
0 renice 6228 1819
0 renice 6681 -2837
0 renice 1883 -3428
0 renice 1149 5628
0 renice 2043 2486
0 renice 4663 1964
0 renice 2467 773
0 renice 724 1641
0 renice 6327 4478
0 renice 5236 161
0 renice 3635 5353
0 renice 3982 5669
0 renice 2891 1802
0 renice 6200 5483
0 renice 5969 -3439
0 renice 6733 -3491
0 renice 3189 -2977
0 renice 3755 -3781
0 renice 5797 -3757
0 renice 4379 103
0 renice 4304 -358
0 renice 5075 4383
0 renice 5494 -1622
0 renice 656 189
0 renice 5265 1201
0 renice 484 169
0 renice 2300 -4370
0 renice 5013 -6393
0 renice 165 -1210
0 renice 1086 -1851
0 renice 2936 6104
0 renice 1221 636
0 renice 5828 1794
0 renice 6745 4955
0 renice 2184 4680
0 renice 1378 75
0 renice 5542 1241
0 renice 6383 -1932
0 renice 1625 3722
0 renice 3467 -6559
0 renice 1944 -1513
0 renice 1012 -3419
0 renice 3862 -3976
0 renice 945 -312
0 renice 5813 1973
0 renice 5154 1408
0 renice 1387 3840
0 renice 1872 -3178
0 renice 4495 -5116
0 renice 3923 298
0 renice 2644 -148
0 renice 5299 165
0 renice 2227 5114
0 renice 2151 -4301
0 renice 1591 -4780
0 renice 5244 -5219
0 renice 712 3513
0 renice 3929 -716
0 renice 896 -6119
0 renice 4868 -6632
0 renice 280 -4294
0 renice 754 6799
0 renice 1403 3834
0 renice 450 -5017
0 renice 6591 -651
0 renice 6929 3353
0 renice 5302 1942
0 renice 6338 -4715
0 renice 6311 -5215
0 renice 4219 -3063
0 renice 2624 -6747
0 renice 4081 46
0 renice 1309 -4539
0 renice 2765 5995
0 renice 4393 -946
0 renice 184 -6384
0 renice 6962 -6512
0 renice 3862 -2712
0 renice 3819 -4763
0 renice 4129 -967
0 renice 1228 -5801
0 renice 1537 5183
0 renice 1559 -4407
0 renice 5320 -1920
0 renice 479 -4433
0 renice 4955 -5241
0 renice 2817 -4407
0 renice 2936 -2753
0 renice 6835 -3065
0 renice 6962 -6019
0 renice 5505 -2220
0 renice 2793 -5038
0 renice 431 3032
0 renice 703 -6649
0 renice 873 2258
0 renice 2650 6341
0 renice 3891 -5388
0 renice 1639 -1679
0 renice 6035 -6460
0 renice 2605 -4130
0 renice 867 2119
0 renice 4379 -1289
0 renice 1272 4252
0 renice 6460 -5241
0 renice 3433 -725
0 renice 6036 -1598
0 renice 2800 -2688
0 renice 2107 4114
0 renice 3963 -5945
0 renice 6852 -6244
0 renice 181 -3818
0 renice 4618 3103
0 renice 2743 -4141
0 renice 2847 -349
0 renice 6751 -4850
0 renice 6630 307
0 renice 1908 -1112
0 renice 2793 622
0 renice 6420 2443
0 renice 5070 1387
0 renice 4015 -3922
0 renice 157 1198
0 renice 5378 4118
0 renice 1416 3345
0 renice 4123 -2922
0 renice 1484 3484
0 renice 5364 3749
0 renice 5892 3771
0 renice 2568 6941
0 renice 5954 4025
0 renice 1688 -4905
0 renice 6433 -1376
0 renice 1612 3360
0 renice 4019 -6908
0 renice 1083 1041
0 renice 110 -4238
0 renice 2364 -3538
0 renice 4394 3205
0 renice 4582 -6669
0 renice 3093 3391
0 renice 1697 3767
0 renice 2227 5595
0 renice 5117 4070
0 renice 4394 6958
0 renice 812 -2723
0 renice 2650 636
0 renice 3929 3172
0 renice 5963 -6777
0 renice 978 -895
0 renice 5907 -6388
0 renice 1992 5415
0 renice 4785 4258
0 renice 5911 4748
0 renice 1767 2401
0 renice 2144 2991
0 renice 2889 6238
0 renice 4208 3834
0 renice 5354 -1438
0 renice 3470 1267
0 renice 5378 -4168
0 renice 3521 4032
0 renice 2114 1466
0 renice 2221 6345
0 renice 3523 6782
0 renice 2726 3224
0 renice 4871 5296
0 renice 3036 3581
0 renice 1312 1409
0 renice 1312 4327
0 renice 65 -5658
0 renice 6421 1566
0 renice 2016 -6211
0 renice 5410 -5747
0 renice 4963 973
0 renice 1341 -298
0 renice 4646 -1070
0 renice 6938 1638
0 renice 509 3399
0 renice 5187 3892
0 renice 1086 1064
0 renice 679 -1142
0 renice 2539 1789
0 renice 6896 3861
0 renice 2338 2580
0 renice 5813 4487
0 renice 4679 -4360
0 renice 1644 -3476
0 renice 5939 4087
0 renice 449 4445
0 renice 1286 -5241
0 renice 978 -4126
0 renice 4858 6691
1 kill 6461
